2 0.03984375 0.49296875 0.078125 0.2609375
2 0.128125 0.5296875 0.07421875 0.228125
2 0.20859375 0.45546875 0.08125 0.26484375
2 0.2828125 0.50078125 0.06171875 0.2234375
2 0.359375 0.4484375 0.0875 0.23203125
2 0.446875 0.4578125 0.084375 0.2734375
2 0.5296875 0.453125 0.07734375 0.25078125
2 0.61640625 0.47890625 0.0875 0.24609375
2 0.7046875 0.4625 0.08671875 0.2671875
2 0.7921875 0.40078125 0.0875 0.2796875
2 0.9484375 0.48828125 0.10234375 0.35390625
1 0.034375 0.29375 0.046875 0.11796875
1 0.20625 0.26328125 0.0453125 0.109375
1 0.11796875 0.34140625 0.0390625 0.10546875
1 0.28125 0.31875 0.0453125 0.09921875
1 0.35078125 0.2484375 0.04609375 0.121875
1 0.44375 0.26171875 0.0453125 0.1078125
1 0.515625 0.26640625 0.0453125 0.1140625
1 0.6015625 0.29296875 0.04609375 0.1015625
1 0.70234375 0.25703125 0.0484375 0.11796875
1 0.775 0.18515625 0.05625 0.128125
1 0.93984375 0.2125 0.075 0.14921875