1 0.3953125 0.2515625 0.06328125 0.121875
1 0.44921875 0.2546875 0.04296875 0.1125
1 0.6578125 0.3125 0.0421875 0.08671875
1 0.81328125 0.30078125 0.05078125 0.09765625
1 0.9 0.3390625 0.06015625 0.103125
2 0.3859375 0.453125 0.11484375 0.2703125
2 0.54921875 0.440625 0.0828125 0.13515625
2 0.65703125 0.428125 0.090625 0.140625
2 0.80078125 0.421875 0.1 0.13515625
2 0.8984375 0.50625 0.1078125 0.21171875
1 0.49921875 0.59140625 0.0734375 0.1515625
1 0.765625 0.54765625 0.05234375 0.1125
1 0.553125 0.3203125 0.04765625 0.09140625